data_loader:
  mean: [113.3208063911217, 96.11393967393536, 86.11512968346533]
  std: [63.08384025906476, 57.219251528311055, 54.976731023765986]